94.12 -1.78 -0.44
91.44 -0.25 -0.74
84.10 -2.17 3.48
78.07 -2.99 2.98
69.98 -3.27 2.72
62.60 -3.20 1.61
55.32 -3.07 1.44
46.63 -3.48 0.70
37.90 -3.52 0.79
29.64 -3.29 0.17
20.51 -3.23 -0.55
14.71 -5.81 -6.06
13.08 -5.81 -7.62
41.51 62.92 -26.98
46.79 -68.03 22.58
16.35 25.58 -57.69
87.97 -4.29 86.83
41.26 63.73 47.39
51.48 -51.11 -33.41
32.69 -7.96 -53.75
43.09 64.34 -8.57
58.34 42.22 57.09
49.24 -67.35 6.78
74.55 -31.89 65.84
25.50 37.44 -48.98
42.08 -61.97 16.86
15.33 21.39 -51.63
56.22 45.93 -26.46
22.01 21.55 8.88
91.92 -8.64 41.28
76.45 -28.06 -22.04
41.59 64.76 29.00
41.53 -56.51 -0.79
40.53 -5.13 24.96
66.47 -49.88 6.71
21.91 23.33 -20.92
55.41 8.18 -36.72
51.21 52.83 40.09
77.25 27.58 -14.25
53.33 52.56 -4.43
84.76 8.63 14.34
54.92 -40.62 37.24
33.65 49.55 5.57
33.22 -16.65 -45.33
59.96 -53.98 42.57
26.74 -33.49 3.09
78.94 -30.94 52.27
54.15 -30.84 -41.77
38.00 2.52 -49.92
42.00 -28.83 -49.10
78.09 11.67 63.41
69.71 -3.00 62.56
25.14 -27.61 -10.21
13.11 2.10 -24.83
57.23 -47.25 31.22
52.18 35.61 -1.77
34.61 51.78 35.17
68.22 33.02 11.56
60.55 -56.06 36.24
86.01 -20.86 20.78
55.35 -42.33 -15.34
38.36 40.08 -40.72
47.53 -11.50 -33.36
44.68 -66.44 18.20
20.30 27.41 -50.43
30.03 46.71 -35.29
46.19 25.53 37.99
62.41 -6.02 36.88
45.71 -53.79 -22.85
65.19 17.40 23.13
53.31 -52.13 -24.65
67.99 -33.51 56.27
45.73 -45.23 18.77
79.09 -8.77 -18.00
51.70 -56.31 31.43
44.83 44.17 43.43
33.39 10.54 -46.27
60.23 26.46 -17.51
35.99 -19.30 -35.96
80.11 -4.71 73.89
32.51 -25.38 11.71
40.68 56.97 43.19
53.85 -61.31 32.96
36.64 42.77 4.37
47.17 1.66 -40.39
69.87 -28.83 38.86
43.22 31.20 -33.95
57.47 -14.91 45.00
42.19 -22.75 -47.99
25.60 9.25 -54.37
29.24 33.28 20.77
41.18 58.12 5.10
21.19 3.47 -43.18
38.80 -53.83 15.13
25.94 15.46 -36.83
58.08 27.16 43.61
73.19 -35.62 20.59
41.39 49.68 -28.13
53.15 -59.74 10.41
87.49 -7.62 30.49
33.55 38.60 -26.90
82.13 -5.88 56.29
42.01 -30.12 -41.33
65.60 -25.02 -21.35
d
