Connect:

> 1022 11/10/2025 22:16:20 IRP_MJ_READ UP STATUS_SUCCESS aa 0a 00 00 00 56 00 19 03 53 44 36 38 37 30 42 36 36 37 00 00 00 00 00 00 00 00 00 00 00 00 00 00 00 00 00 00 00 00 43 52 33 30 00 00 00 00 00 00 00 00 00 00 00 00 00 00 00 ff 6e  ª....V...SD6870B667....................CR30...............ÿn 60  COM5  

< 1027 11/10/2025 22:16:20 IRP_MJ_WRITE DOWN  aa 0a 01 00 00 00 00 00 00 00 00 00 00 00 00 00 00 00 00 00 00 00 00 00 00 00 00 00 00 00 00 00 00 00 00 00 00 00 00 00 00 00 00 00 00 00 00 00 00 00 00 00 00 00 00 00 00 00 ff b4  ª.........................................................ÿ´ 60 60 COM5  

> 1046 11/10/2025 22:16:20 IRP_MJ_READ UP STATUS_SUCCESS aa 0a 01 00 00 00 00 00 00 00 00 00 00 00 00 00 00 00 00 43 4d 34 34 33 4c 30 37 38 37 00 00 00 00 00 00 00 00 00 00 00 00 00 00 00 00 00 00 00 00 56 31 31 2e 33 2e 00 00 00 ff 48  ª..................CM443L0787....................V11.3....ÿH 60  COM5  

< 1051 11/10/2025 22:16:20 IRP_MJ_WRITE DOWN  aa 0a 02 00 00 00 00 00 00 00 00 00 00 00 00 00 00 00 00 00 00 00 00 00 00 00 00 00 00 00 00 00 00 00 00 00 00 00 00 00 00 00 00 00 00 00 00 00 00 00 00 00 00 00 00 00 00 00 ff b5  ª.........................................................ÿµ 60 60 COM5  

> 1072 11/10/2025 22:16:20 IRP_MJ_READ UP STATUS_SUCCESS aa 0a 02 00 00 30 2e 30 2e 32 30 32 33 31 32 31 39 00 00 00 00 00 00 00 00 00 00 00 00 56 31 30 2e 30 2e 30 2e 30 00 00 00 00 00 00 00 00 00 00 00 00 00 00 00 00 00 00 00 00 ff d6  ª....0.0.20231219............V10.0.0.0....................ÿÖ 60  COM5  

< 1077 11/10/2025 22:16:20 IRP_MJ_WRITE DOWN  aa 0a 03 00 00 00 00 00 00 00 00 00 00 00 00 00 00 00 00 00 00 00 00 00 00 00 00 00 00 00 00 00 00 00 00 00 00 00 00 00 00 00 00 00 00 00 00 00 00 00 00 00 00 00 00 00 00 00 ff b6  ª.........................................................ÿ¶ 60 60 COM5  

> 1100 11/10/2025 22:16:20 IRP_MJ_READ UP STATUS_SUCCESS aa 0a 03 00 00 00 00 00 00 00 00 00 00 00 00 00 00 00 00 02 00 00 00 00 00 00 00 00 00 00 00 00 00 00 00 00 00 00 00 00 00 00 00 00 00 00 00 00 00 00 00 00 00 00 00 00 00 00 ff b8  ª.........................................................ÿ¸ 60  COM5  

< 1105 11/10/2025 22:16:26 IRP_MJ_WRITE DOWN  bb 17 00 00 00 00 00 00 00 00 00 00 00 00 00 00 00 00 00 00 00 00 00 00 00 00 00 00 00 00 00 00 00 00 00 00 00 00 00 00 00 00 00 00 00 00 00 00 00 00 00 00 00 00 00 00 00 00 ff d1  ».........................................................ÿÑ 60 60 COM5  

> 1124 11/10/2025 22:16:26 IRP_MJ_READ UP STATUS_SUCCESS bb 17 00 00 00 00 00 00 00 00 00 00 00 00 00 00 00 00 00 00 00 00 00 00 00 00 00 00 00 00 00 00 00 00 00 00 00 00 00 00 00 00 00 00 00 00 00 00 00 00 00 00 00 00 00 00 00 00 ff d1  ».........................................................ÿÑ 60  COM5  

< 1133 11/10/2025 22:16:27 IRP_MJ_WRITE DOWN  bb 13 00 00 00 00 00 00 00 00 00 00 00 43 68 65 63 6b 00 00 00 00 00 00 00 00 00 00 00 00 00 00 00 00 00 00 00 00 00 00 00 00 00 00 00 00 00 00 00 00 00 00 00 00 00 00 00 00 ff ab  »............Check........................................ÿ« 60 60 COM5  

> 1152 11/10/2025 22:16:27 IRP_MJ_READ UP STATUS_SUCCESS bb 13 00 00 00 25 4f ea 68 68 4f ea 68 43 68 65 63 6b 00 00 00 00 00 00 00 00 00 00 00 00 00 00 00 00 00 00 00 00 00 00 00 00 00 00 00 00 00 00 00 00 00 00 00 00 00 00 00 00 ff 7a  »....%OêhhOêhCheck........................................ÿz 60  COM5  


< 1160 11/10/2025 22:16:27 IRP_MJ_WRITE UP STATUS_SUCCESS bb 28 00 00 00 00 00 00 00 00 00 00 00 00 00 00 00 00 00 00 00 00 00 00 00 00 00 00 00 00 00 00 00 00 00 00 00 00 00 00 00 00 00 00 00 00 00 00 00 00 00 00 00 00 00 00 00 00 ff e2  »(........................................................ÿâ 60  COM5  

> 1178 11/10/2025 22:16:27 IRP_MJ_READ UP STATUS_SUCCESS bb 28 00 00 00 00 00 00 00 00 00 00 00 00 00 00 00 00 00 00 00 00 00 00 00 00 00 00 00 00 00 00 00 00 00 00 00 00 00 00 00 00 00 00 00 00 00 00 00 00 00 00 00 00 00 00 00 00 ff e2  »(........................................................ÿâ 60  COM5  


< 1184 11/10/2025 22:16:27 IRP_MJ_WRITE UP STATUS_SUCCESS bb 28 00 01 00 00 00 00 00 00 00 00 00 00 00 00 00 00 00 00 00 00 00 00 00 00 00 00 00 00 00 00 00 00 00 00 00 00 00 00 00 00 00 00 00 00 00 00 00 00 00 00 00 00 00 00 00 00 ff e3  »(........................................................ÿã 60  COM5  

> 1202 11/10/2025 22:16:27 IRP_MJ_READ UP STATUS_SUCCESS bb 28 00 01 00 00 00 00 00 00 00 00 00 00 00 00 00 00 00 00 00 00 00 00 00 00 00 00 00 00 00 00 00 00 00 00 00 00 00 00 00 00 00 00 00 00 00 00 00 00 00 00 00 00 00 00 00 00 ff e3  »(........................................................ÿã 60  COM5  

< 1208 11/10/2025 22:16:27 IRP_MJ_WRITE UP STATUS_SUCCESS bb 28 00 02 00 00 00 00 00 00 00 00 00 00 00 00 00 00 00 00 00 00 00 00 00 00 00 00 00 00 00 00 00 00 00 00 00 00 00 00 00 00 00 00 00 00 00 00 00 00 00 00 00 00 00 00 00 00 ff e4  »(........................................................ÿä 60  COM5  

> 1228 11/10/2025 22:16:27 IRP_MJ_READ UP STATUS_SUCCESS bb 28 00 02 00 00 00 00 00 00 00 00 00 00 00 00 00 00 00 00 00 00 00 00 00 00 00 00 00 00 00 00 00 00 00 00 00 00 00 00 00 00 00 00 00 00 00 00 00 00 00 00 00 00 00 00 00 00 ff e4  »(........................................................ÿä 60  COM5  

< 1234 11/10/2025 22:16:27 IRP_MJ_WRITE UP STATUS_SUCCESS bb 28 00 03 00 00 00 00 00 00 00 00 00 00 00 00 00 00 00 00 00 00 00 00 00 00 00 00 00 00 00 00 00 00 00 00 00 00 00 00 00 00 00 00 00 00 00 00 00 00 00 00 00 00 00 00 00 00 ff e5  »(........................................................ÿå 60  COM5  

> 1254 11/10/2025 22:16:27 IRP_MJ_READ UP STATUS_SUCCESS bb 28 00 03 00 00 00 00 00 00 00 00 00 00 00 00 00 00 00 00 00 00 00 00 00 00 00 00 00 00 00 00 00 00 00 00 00 00 00 00 00 00 00 00 00 00 00 00 00 00 00 00 00 00 00 00 00 00 ff e5  »(........................................................ÿå 60  COM5  

< 1260 11/10/2025 22:16:27 IRP_MJ_WRITE UP STATUS_SUCCESS bb 28 00 04 00 00 00 00 00 00 00 00 00 00 00 00 00 00 00 00 00 00 00 00 00 00 00 00 00 00 00 00 00 00 00 00 00 00 00 00 00 00 00 00 00 00 00 00 00 00 00 00 00 00 00 00 00 00 ff e6  »(........................................................ÿæ 60  COM5  

> 1282 11/10/2025 22:16:27 IRP_MJ_READ UP STATUS_SUCCESS bb 28 00 04 00 00 00 00 00 00 00 00 00 00 00 00 00 00 00 00 00 00 00 00 00 00 00 00 00 00 00 00 00 00 00 00 00 00 00 00 00 00 00 00 00 00 00 00 00 00 00 00 00 00 00 00 00 00 ff e6  »(........................................................ÿæ 60  COM5  

< 1288 11/10/2025 22:16:27 IRP_MJ_WRITE UP STATUS_SUCCESS bb 28 00 ff 00 00 00 00 00 00 00 00 00 00 00 00 00 00 00 00 00 00 00 00 00 00 00 00 00 00 00 00 00 00 00 00 00 00 00 00 00 00 00 00 00 00 00 00 00 00 00 00 00 00 00 00 00 00 ff e1  »(.ÿ......................................................ÿá 60  COM5  


> 1302 11/10/2025 22:16:27 IRP_MJ_READ DOWN     60 COM5  

> 1305 11/10/2025 22:16:27 IRP_MJ_READ UP STATUS_SUCCESS bb 28 00 ff 00 00 00 00 00 00 00 00 00 00 00 00 00 00 00 00 00 00 00 00 00 00 00 00 00 00 00 00 00 00 00 00 00 00 00 00 00 00 00 00 00 00 00 00 00 00 00 00 00 00 00 00 00 00 ff e1  »(.ÿ......................................................ÿá 60  COM5  


Calibrate White:

< 5 11/10/2025 22:25:08 IRP_MJ_WRITE UP STATUS_SUCCESS bb 11 00 00 00 00 00 00 00 00 00 00 00 00 00 00 00 00 00 00 00 00 00 00 00 00 00 00 00 00 00 00 00 00 00 00 00 00 00 00 00 00 00 00 00 00 00 00 00 00 00 00 00 00 00 00 00 00 ff cb  ».........................................................ÿË 60  COM5  

> 22 11/10/2025 22:25:08 IRP_MJ_READ UP STATUS_SUCCESS bb 11 00 00 00 00 01 00 00 00 00 00 00 00 00 00 00 00 00 00 00 00 00 00 00 00 00 00 00 00 00 00 00 00 00 00 00 00 00 00 00 00 00 00 00 00 00 00 00 00 00 00 00 00 00 00 00 00 ff cc  ».........................................................ÿÌ 60  COM5  

Calibrate Black 

< 30 11/10/2025 22:26:30 IRP_MJ_WRITE UP STATUS_SUCCESS bb 10 00 00 00 00 00 00 00 00 00 00 00 00 00 00 00 00 00 00 00 00 00 00 00 00 00 00 00 00 00 00 00 00 00 00 00 00 00 00 00 00 00 00 00 00 00 00 00 00 00 00 00 00 00 00 00 00 ff ca  ».........................................................ÿÊ 60  COM5  

> 48 11/10/2025 22:26:30 IRP_MJ_READ UP STATUS_SUCCESS bb 10 00 00 00 00 01 00 00 00 00 00 00 00 00 00 00 00 00 00 00 00 00 00 00 00 00 00 00 00 00 00 00 00 00 00 00 00 00 00 00 00 00 00 00 00 00 00 00 00 00 00 00 00 00 00 00 00 ff cb  ».........................................................ÿË 60  COM5  



Test Target

LAB: L*=90.52, a*=-0.98, b*=0.06

< 56 11/10/2025 22:28:27 IRP_MJ_WRITE UP STATUS_SUCCESS bb 01 00 00 00 00 00 00 00 00 00 00 00 00 00 00 00 00 00 00 00 00 00 00 00 00 00 00 00 00 00 00 00 00 00 00 00 00 00 00 00 00 00 00 00 00 00 00 00 00 00 00 00 00 00 00 00 00 ff bb  ».........................................................ÿ» 60  COM5  

> 74 11/10/2025 22:28:27 IRP_MJ_READ UP STATUS_SUCCESS bb 01 09 00 28 1f 0a 00 00 00 00 00 00 00 00 00 00 00 00 00 00 00 00 00 00 00 00 00 00 00 00 00 00 00 00 00 00 00 00 00 00 00 00 00 00 00 00 00 00 00 00 00 00 00 00 00 00 00 ff 15  »...(.....................................................ÿ. 60  COM5  

< 80 11/10/2025 22:28:27 IRP_MJ_WRITE UP STATUS_SUCCESS bb 01 10 00 00 00 00 00 00 00 00 00 00 00 00 00 00 00 00 00 00 00 00 00 00 00 00 00 00 00 00 00 00 00 00 00 00 00 00 00 00 00 00 00 00 00 00 00 00 00 00 00 00 00 00 00 00 00 ff cb  ».........................................................ÿË 60  COM5  

> 98 11/10/2025 22:28:27 IRP_MJ_READ UP STATUS_SUCCESS bb 01 10 00 00 00 3a 44 8a 42 0e 3c 93 42 7e 1a 99 42 79 56 9b 42 e5 dc 9a 42 68 2b 9a 42 25 c3 9a 42 d0 6b 9b 42 3a 81 9c 42 7d 58 9d 42 48 f9 9c 42 42 20 9c 42 00 00 00 00 ff e7  ».....:DŠB.<“B~.™ByV›BåÜšBh+šB%ÃšBÐk›B:œB}XBHùœBB œB....ÿç 60  COM5  

< 104 11/10/2025 22:28:27 IRP_MJ_WRITE UP STATUS_SUCCESS bb 01 11 00 00 00 00 00 00 00 00 00 00 00 00 00 00 00 00 00 00 00 00 00 00 00 00 00 00 00 00 00 00 00 00 00 00 00 00 00 00 00 00 00 00 00 00 00 00 00 00 00 00 00 00 00 00 00 ff cc  ».........................................................ÿÌ 60  COM5  

> 124 11/10/2025 22:28:27 IRP_MJ_READ UP STATUS_SUCCESS bb 01 11 00 00 00 c7 ef 9a 42 cb 27 9a 42 df 6b 9a 42 f1 0c 9b 42 99 bb 9b 42 a2 85 9c 42 f2 47 9c 42 a4 e2 9a 42 51 f4 98 42 12 73 97 42 c5 ee 96 42 79 be 96 42 00 00 00 00 ff f2  ».....ÇïšBË'šBßkšBñ.›B™»›B¢…œBòGœB¤âšBQô˜B.s—BÅî–By¾–B....ÿò 60  COM5  

< 130 11/10/2025 22:28:27 IRP_MJ_WRITE UP STATUS_SUCCESS bb 01 12 00 00 00 00 00 00 00 00 00 00 00 00 00 00 00 00 00 00 00 00 00 00 00 00 00 00 00 00 00 00 00 00 00 00 00 00 00 00 00 00 00 00 00 00 00 00 00 00 00 00 00 00 00 00 00 ff cd  ».........................................................ÿÍ 60  COM5  

> 154 11/10/2025 22:28:27 IRP_MJ_READ UP STATUS_SUCCESS bb 01 12 00 00 00 fa f1 96 42 18 73 98 42 fb 21 99 42 1d ad 99 42 9e 4a 99 42 6f 8b 98 42 fb 74 97 42 00 00 00 00 00 00 00 00 00 00 00 00 00 00 00 00 00 00 00 00 00 00 00 00 ff 70  ».....úñ–B.s˜Bû!™B.­™BžJ™Bo‹˜Bût—B........................ÿp 60  COM5  

< 160 11/10/2025 22:28:27 IRP_MJ_WRITE UP STATUS_SUCCESS bb 01 13 00 00 00 00 00 00 00 00 00 00 00 00 00 00 00 00 00 00 00 00 00 00 00 00 00 00 00 00 00 00 00 00 00 00 00 00 00 00 00 00 00 00 00 00 00 00 00 00 00 00 00 00 00 00 00 ff ce  ».........................................................ÿÎ 60  COM5  

> 178 11/10/2025 22:28:27 IRP_MJ_READ UP STATUS_SUCCESS bb 01 13 00 00 00 00 00 00 00 00 00 00 00 00 00 00 00 00 00 00 00 00 00 00 00 00 00 00 00 00 00 00 00 3a 44 8a 42 0e 3c 93 42 7e 1a 99 42 79 56 9b 42 e5 dc 9a 42 00 00 00 00 ff f3  ».................................:DŠB.<“B~.™ByV›BåÜšB....ÿó 60  COM5  


Test Sample

LAB: 90.52, -0.98, 0.06

< 5 11/10/2025 22:32:10 IRP_MJ_WRITE UP STATUS_SUCCESS bb 01 00 00 00 00 00 00 00 00 00 00 00 00 00 00 00 00 00 00 00 00 00 00 00 00 00 00 00 00 00 00 00 00 00 00 00 00 00 00 00 00 00 00 00 00 00 00 00 00 00 00 00 00 00 00 00 00 ff bb  ».........................................................ÿ» 60  COM5  
> 22 11/10/2025 22:32:10 IRP_MJ_READ UP STATUS_SUCCESS bb 01 09 00 28 1f 0a 00 00 00 00 00 00 00 00 00 00 00 00 00 00 00 00 00 00 00 00 00 00 00 00 00 00 00 00 00 00 00 00 00 00 00 00 00 00 00 00 00 00 00 00 00 00 00 00 00 00 00 ff 15  »...(.....................................................ÿ. 60  COM5  
< 28 11/10/2025 22:32:10 IRP_MJ_WRITE UP STATUS_SUCCESS bb 01 10 00 00 00 00 00 00 00 00 00 00 00 00 00 00 00 00 00 00 00 00 00 00 00 00 00 00 00 00 00 00 00 00 00 00 00 00 00 00 00 00 00 00 00 00 00 00 00 00 00 00 00 00 00 00 00 ff cb  ».........................................................ÿË 60  COM5  
> 46 11/10/2025 22:32:10 IRP_MJ_READ UP STATUS_SUCCESS bb 01 10 00 00 00 3a 44 8a 42 0e 3c 93 42 7e 1a 99 42 79 56 9b 42 e5 dc 9a 42 68 2b 9a 42 25 c3 9a 42 d0 6b 9b 42 3a 81 9c 42 7d 58 9d 42 48 f9 9c 42 42 20 9c 42 00 00 00 00 ff e7  ».....:DŠB.<“B~.™ByV›BåÜšBh+šB%ÃšBÐk›B:œB}XBHùœBB œB....ÿç 60  COM5  
< 52 11/10/2025 22:32:10 IRP_MJ_WRITE UP STATUS_SUCCESS bb 01 11 00 00 00 00 00 00 00 00 00 00 00 00 00 00 00 00 00 00 00 00 00 00 00 00 00 00 00 00 00 00 00 00 00 00 00 00 00 00 00 00 00 00 00 00 00 00 00 00 00 00 00 00 00 00 00 ff cc  ».........................................................ÿÌ 60  COM5  
> 72 11/10/2025 22:32:10 IRP_MJ_READ UP STATUS_SUCCESS bb 01 11 00 00 00 c7 ef 9a 42 cb 27 9a 42 df 6b 9a 42 f1 0c 9b 42 99 bb 9b 42 a2 85 9c 42 f2 47 9c 42 a4 e2 9a 42 51 f4 98 42 12 73 97 42 c5 ee 96 42 79 be 96 42 00 00 00 00 ff f2  ».....ÇïšBË'šBßkšBñ.›B™»›B¢…œBòGœB¤âšBQô˜B.s—BÅî–By¾–B....ÿò 60  COM5  
< 78 11/10/2025 22:32:10 IRP_MJ_WRITE UP STATUS_SUCCESS bb 01 12 00 00 00 00 00 00 00 00 00 00 00 00 00 00 00 00 00 00 00 00 00 00 00 00 00 00 00 00 00 00 00 00 00 00 00 00 00 00 00 00 00 00 00 00 00 00 00 00 00 00 00 00 00 00 00 ff cd  ».........................................................ÿÍ 60  COM5  
> 102 11/10/2025 22:32:10 IRP_MJ_READ UP STATUS_SUCCESS bb 01 12 00 00 00 fa f1 96 42 18 73 98 42 fb 21 99 42 1d ad 99 42 9e 4a 99 42 6f 8b 98 42 fb 74 97 42 00 00 00 00 00 00 00 00 00 00 00 00 00 00 00 00 00 00 00 00 00 00 00 00 ff 70  ».....úñ–B.s˜Bû!™B.­™BžJ™Bo‹˜Bût—B........................ÿp 60  COM5  
< 108 11/10/2025 22:32:10 IRP_MJ_WRITE UP STATUS_SUCCESS bb 01 13 00 00 00 00 00 00 00 00 00 00 00 00 00 00 00 00 00 00 00 00 00 00 00 00 00 00 00 00 00 00 00 00 00 00 00 00 00 00 00 00 00 00 00 00 00 00 00 00 00 00 00 00 00 00 00 ff ce  ».........................................................ÿÎ 60  COM5  
> 128 11/10/2025 22:32:10 IRP_MJ_READ UP STATUS_SUCCESS bb 01 13 00 00 00 00 00 00 00 00 00 00 00 00 00 00 00 00 00 00 00 00 00 00 00 00 00 00 00 00 00 00 00 3a 44 8a 42 0e 3c 93 42 7e 1a 99 42 79 56 9b 42 e5 dc 9a 42 00 00 00 00 ff f3  ».................................:DŠB.<“B~.™ByV›BåÜšB....ÿó 60  COM5  


Test Target

LAB: 36.62, -20.74, -2.87

< 5 11/10/2025 22:34:37 IRP_MJ_WRITE UP STATUS_SUCCESS bb 01 00 00 00 00 00 00 00 00 00 00 00 00 00 00 00 00 00 00 00 00 00 00 00 00 00 00 00 00 00 00 00 00 00 00 00 00 00 00 00 00 00 00 00 00 00 00 00 00 00 00 00 00 00 00 00 00 ff bb  ».........................................................ÿ» 60  COM5  
> 22 11/10/2025 22:34:38 IRP_MJ_READ UP STATUS_SUCCESS bb 01 09 00 28 1f 0a 00 00 00 00 00 00 00 00 00 00 00 00 00 00 00 00 00 00 00 00 00 00 00 00 00 00 00 00 00 00 00 00 00 00 00 00 00 00 00 00 00 00 00 00 00 00 00 00 00 00 00 ff 15  »...(.....................................................ÿ. 60  COM5  
< 28 11/10/2025 22:34:38 IRP_MJ_WRITE UP STATUS_SUCCESS bb 01 10 00 00 00 00 00 00 00 00 00 00 00 00 00 00 00 00 00 00 00 00 00 00 00 00 00 00 00 00 00 00 00 00 00 00 00 00 00 00 00 00 00 00 00 00 00 00 00 00 00 00 00 00 00 00 00 ff cb  ».........................................................ÿË 60  COM5  
> 48 11/10/2025 22:34:38 IRP_MJ_READ UP STATUS_SUCCESS bb 01 10 00 00 00 2e 3b b0 40 6d 38 e6 40 6a fd 00 41 ca 9f 09 41 ef 30 13 41 df 22 1f 41 b0 90 2b 41 d1 94 39 41 74 87 49 41 dc 97 59 41 4b 4d 66 41 f1 79 68 41 00 00 00 00 ff 8d  »......;°@m8æ@jý.AÊŸ.Aï0.Aß".A°+AÑ”9At‡IAÜ—YAKMfAñyhA....ÿ 60  COM5  
< 54 11/10/2025 22:34:38 IRP_MJ_WRITE UP STATUS_SUCCESS bb 01 11 00 00 00 00 00 00 00 00 00 00 00 00 00 00 00 00 00 00 00 00 00 00 00 00 00 00 00 00 00 00 00 00 00 00 00 00 00 00 00 00 00 00 00 00 00 00 00 00 00 00 00 00 00 00 00 ff cc  ».........................................................ÿÌ 60  COM5  
> 71 11/10/2025 22:34:38 IRP_MJ_READ UP STATUS_SUCCESS bb 01 11 00 00 00 18 6d 5d 41 96 41 48 41 a8 77 30 41 f6 5b 19 41 04 27 05 41 9c c7 e9 40 74 52 cd 40 06 44 ae 40 08 45 93 40 f3 7d 87 40 cc ab 8b 40 b1 e6 8d 40 00 00 00 00 ff 8f  »......m]A–AHA¨w0Aö[.A.'.AœÇé@tRÍ@.D®@.E“@ó}‡@Ì«‹@±æ@....ÿ 60  COM5  
< 78 11/10/2025 22:34:38 IRP_MJ_WRITE UP STATUS_SUCCESS bb 01 12 00 00 00 00 00 00 00 00 00 00 00 00 00 00 00 00 00 00 00 00 00 00 00 00 00 00 00 00 00 00 00 00 00 00 00 00 00 00 00 00 00 00 00 00 00 00 00 00 00 00 00 00 00 00 00 ff cd  ».........................................................ÿÍ 60  COM5  
> 96 11/10/2025 22:34:38 IRP_MJ_READ UP STATUS_SUCCESS bb 01 12 00 00 00 a3 23 8b 40 46 9d 8a 40 e9 51 8d 40 ca a1 93 40 cf 8f 9a 40 cb e8 a0 40 6b 12 a6 40 00 00 00 00 00 00 00 00 00 00 00 00 00 00 00 00 00 00 00 00 00 00 00 00 ff 7e  ».....£#‹@FŠ@éQ@Ê¡“@Ïš@Ëè @k.¦@........................ÿ~ 60  COM5  
< 102 11/10/2025 22:34:38 IRP_MJ_WRITE UP STATUS_SUCCESS bb 01 13 00 00 00 00 00 00 00 00 00 00 00 00 00 00 00 00 00 00 00 00 00 00 00 00 00 00 00 00 00 00 00 00 00 00 00 00 00 00 00 00 00 00 00 00 00 00 00 00 00 00 00 00 00 00 00 ff ce  ».........................................................ÿÎ 60  COM5  
> 122 11/10/2025 22:34:38 IRP_MJ_READ UP STATUS_SUCCESS bb 01 13 00 00 00 00 00 00 00 00 00 00 00 00 00 00 00 00 00 00 00 00 00 00 00 00 00 00 00 00 00 00 00 2e 3b b0 40 6d 38 e6 40 6a fd 00 41 ca 9f 09 41 ef 30 13 41 00 00 00 00 ff c0  »..................................;°@m8æ@jý.AÊŸ.Aï0.A....ÿÀ 60  COM5  


Test Sample

Target: 36.62, -20.74, -2.87
LAB: 36.61 -20.75 -2.86  
dLAB:  dL* -0.01 da* -0.01 db* 0.02

< 5 11/10/2025 22:37:09 IRP_MJ_WRITE UP STATUS_SUCCESS bb 01 00 00 00 00 00 00 00 00 00 00 00 00 00 00 00 00 00 00 00 00 00 00 00 00 00 00 00 00 00 00 00 00 00 00 00 00 00 00 00 00 00 00 00 00 00 00 00 00 00 00 00 00 00 00 00 00 ff bb  ».........................................................ÿ» 60  COM5  
> 22 11/10/2025 22:37:09 IRP_MJ_READ UP STATUS_SUCCESS bb 01 09 00 28 1f 0a 00 00 00 00 00 00 00 00 00 00 00 00 00 00 00 00 00 00 00 00 00 00 00 00 00 00 00 00 00 00 00 00 00 00 00 00 00 00 00 00 00 00 00 00 00 00 00 00 00 00 00 ff 15  »...(.....................................................ÿ. 60  COM5  
< 28 11/10/2025 22:37:09 IRP_MJ_WRITE UP STATUS_SUCCESS bb 01 10 00 00 00 00 00 00 00 00 00 00 00 00 00 00 00 00 00 00 00 00 00 00 00 00 00 00 00 00 00 00 00 00 00 00 00 00 00 00 00 00 00 00 00 00 00 00 00 00 00 00 00 00 00 00 00 ff cb  ».........................................................ÿË 60  COM5  
> 48 11/10/2025 22:37:09 IRP_MJ_READ UP STATUS_SUCCESS bb 01 10 00 00 00 a4 68 b0 40 b1 74 e6 40 86 13 01 41 f4 9c 09 41 99 03 13 41 bb d8 1e 41 b9 4b 2b 41 75 69 39 41 64 80 49 41 1f b1 59 41 8b 71 66 41 16 8c 68 41 00 00 00 00 ff 37  ».....¤h°@±tæ@†..Aôœ.A™..A»Ø.A¹K+Aui9Ad€IA.±YA‹qfA.ŒhA....ÿ7 60  COM5  
< 54 11/10/2025 22:37:09 IRP_MJ_WRITE UP STATUS_SUCCESS bb 01 11 00 00 00 00 00 00 00 00 00 00 00 00 00 00 00 00 00 00 00 00 00 00 00 00 00 00 00 00 00 00 00 00 00 00 00 00 00 00 00 00 00 00 00 00 00 00 00 00 00 00 00 00 00 00 00 ff cc  ».........................................................ÿÌ 60  COM5  
> 71 11/10/2025 22:37:09 IRP_MJ_READ UP STATUS_SUCCESS bb 01 11 00 00 00 ef 59 5d 41 35 0a 48 41 fe 33 30 41 c4 2c 19 41 c6 1e 05 41 5d 00 ea 40 4a ab cd 40 35 87 ae 40 c4 5b 93 40 48 6b 87 40 61 76 8b 40 65 8f 8d 40 00 00 00 00 ff 92  ».....ïY]A5.HAþ30AÄ,.AÆ..A].ê@J«Í@5‡®@Ä[“@Hk‡@av‹@e@....ÿ’ 60  COM5  
< 78 11/10/2025 22:37:09 IRP_MJ_WRITE UP STATUS_SUCCESS bb 01 12 00 00 00 00 00 00 00 00 00 00 00 00 00 00 00 00 00 00 00 00 00 00 00 00 00 00 00 00 00 00 00 00 00 00 00 00 00 00 00 00 00 00 00 00 00 00 00 00 00 00 00 00 00 00 00 ff cd  ».........................................................ÿÍ 60  COM5  
> 98 11/10/2025 22:37:09 IRP_MJ_READ UP STATUS_SUCCESS bb 01 12 00 00 00 1b b6 8a 40 f2 27 8a 40 9e e6 8c 40 90 58 93 40 56 7b 9a 40 7a 07 a1 40 02 60 a6 40 00 00 00 00 00 00 00 00 00 00 00 00 00 00 00 00 00 00 00 00 00 00 00 00 ff ab  »......¶Š@ò'Š@žæŒ@X“@V{š@z.¡@.`¦@........................ÿ« 60  COM5  
< 104 11/10/2025 22:37:09 IRP_MJ_WRITE UP STATUS_SUCCESS bb 01 13 00 00 00 00 00 00 00 00 00 00 00 00 00 00 00 00 00 00 00 00 00 00 00 00 00 00 00 00 00 00 00 00 00 00 00 00 00 00 00 00 00 00 00 00 00 00 00 00 00 00 00 00 00 00 00 ff ce  ».........................................................ÿÎ 60  COM5  
> 123 11/10/2025 22:37:09 IRP_MJ_READ UP STATUS_SUCCESS bb 01 13 00 00 00 00 00 00 00 00 00 00 00 00 00 00 00 00 00 00 00 00 00 00 00 00 00 00 00 00 00 00 00 a4 68 b0 40 b1 74 e6 40 86 13 01 41 f4 9c 09 41 99 03 13 41 00 00 00 00 ff ba  ».................................¤h°@±tæ@†..Aôœ.A™..A....ÿº 60  COM5  

Button press:

Target: 36.62, -20.74, -2.87
LAB: 38.68 -19.64 -7.89
dLAB: 2.07 1.10 -5.02

> 15 11/10/2025 22:40:04 IRP_MJ_READ UP STATUS_SUCCESS bb 01 09 00 28 1f 0a 00 00 00 00 00 00 00 00 00 00 00 00 00 00 00 00 01 00 00 00 00 e0 07 00 00 0e 00 00 00 5c 00 00 20 00 00 00 00 40 10 00 40 b8 25 00 20 1b 67 00 00 5c 00 00 f3  »...(.......................à.......\.. ....@..@¸%. .g..\..ó 60  COM5  
< 22 11/10/2025 22:40:04 IRP_MJ_WRITE UP STATUS_SUCCESS bb 01 10 00 00 00 00 00 00 00 00 00 00 00 00 00 00 00 00 00 00 00 00 00 00 00 00 00 00 00 00 00 00 00 00 00 00 00 00 00 00 00 00 00 00 00 00 00 00 00 00 00 00 00 00 00 00 00 ff cb  ».........................................................ÿË 60  COM5  
> 42 11/10/2025 22:40:04 IRP_MJ_READ UP STATUS_SUCCESS bb 01 10 00 00 00 37 58 f5 40 fc fb 20 41 f8 4a 32 41 f4 ab 3b 41 ce 4b 45 41 ba 35 51 41 c5 ba 5d 41 00 1a 6c 41 8b 02 7c 41 69 10 85 41 64 fe 88 41 9c 16 86 41 00 00 00 00 ff e8  ».....7Xõ@üû AøJ2Aô«;AÎKEAº5QAÅº]A..lA‹.|Ai.…AdþˆAœ.†A....ÿè 60  COM5  
< 48 11/10/2025 22:40:04 IRP_MJ_WRITE UP STATUS_SUCCESS bb 01 11 00 00 00 00 00 00 00 00 00 00 00 00 00 00 00 00 00 00 00 00 00 00 00 00 00 00 00 00 00 00 00 00 00 00 00 00 00 00 00 00 00 00 00 00 00 00 00 00 00 00 00 00 00 00 00 ff cc  ».........................................................ÿÌ 60  COM5  
> 66 11/10/2025 22:40:04 IRP_MJ_READ UP STATUS_SUCCESS bb 01 11 00 00 00 74 42 77 41 e4 f7 58 41 0f 96 3b 41 10 8c 22 41 ab 3f 0e 41 f5 e6 fc 40 27 c3 df 40 fa cb bc 40 76 4d 9f 40 91 65 95 40 e0 1b 9e 40 a6 ee a3 40 00 00 00 00 ff a5  ».....tBwAä÷XA.–;A.Œ"A«?.Aõæü@'Ãß@úË¼@vMŸ@‘e•@à.ž@¦î£@....ÿ¥ 60  COM5  
< 72 11/10/2025 22:40:04 IRP_MJ_WRITE UP STATUS_SUCCESS bb 01 12 00 00 00 00 00 00 00 00 00 00 00 00 00 00 00 00 00 00 00 00 00 00 00 00 00 00 00 00 00 00 00 00 00 00 00 00 00 00 00 00 00 00 00 00 00 00 00 00 00 00 00 00 00 00 00 ff cd  ».........................................................ÿÍ 60  COM5  
> 90 11/10/2025 22:40:04 IRP_MJ_READ UP STATUS_SUCCESS bb 01 12 00 00 00 0b 2f a3 40 30 38 a4 40 ff 66 a7 40 f2 2d ad 40 8f 49 b2 40 5d 04 b6 40 7f e1 b7 40 00 00 00 00 00 00 00 00 00 00 00 00 00 00 00 00 00 00 00 00 00 00 00 00 ff 06  »....../£@08¤@ÿf§@ò-­@I²@].¶@á·@........................ÿ. 60  COM5  
< 96 11/10/2025 22:40:04 IRP_MJ_WRITE UP STATUS_SUCCESS bb 01 13 00 00 00 00 00 00 00 00 00 00 00 00 00 00 00 00 00 00 00 00 00 00 00 00 00 00 00 00 00 00 00 00 00 00 00 00 00 00 00 00 00 00 00 00 00 00 00 00 00 00 00 00 00 00 00 ff ce  ».........................................................ÿÎ 60  COM5  
> 116 11/10/2025 22:40:04 IRP_MJ_READ UP STATUS_SUCCESS bb 01 13 00 00 00 00 00 00 00 00 00 00 00 00 00 00 00 00 00 00 00 00 00 00 00 00 00 00 00 00 00 00 00 37 58 f5 40 fc fb 20 41 f8 4a 32 41 f4 ab 3b 41 ce 4b 45 41 00 00 00 00 ff 59  ».................................7Xõ@üû AøJ2Aô«;AÎKEA....ÿY 60  COM5  


Button press no app:

LAB: 38.08 -19.97 -6.25 
(T007)

> 181 11/10/2025 22:43:40 IRP_MJ_READ UP STATUS_SUCCESS bb 01 09 00 28 1f 0a 00 00 00 00 00 00 00 00 00 00 00 00 00 ef 00 00 00 00 00 00 00 e0 07 00 00 0e 00 00 00 5c 00 00 20 00 00 00 00 40 10 00 40 b8 25 00 20 1b 67 00 00 5c 00 00 e1  »...(...............ï.......à.......\.. ....@..@¸%. .g..\..á 60  COM5  

LAB: 90.52 -0.98 0.06 
(T008)

> 197 11/10/2025 22:44:33 IRP_MJ_READ UP STATUS_SUCCESS bb 01 09 00 28 1f 0a 00 00 00 00 00 00 00 00 00 00 00 00 00 00 00 00 01 01 00 00 00 e0 07 00 00 0e 00 00 00 5c 00 00 20 00 00 00 00 40 10 00 40 b8 25 00 20 1b 67 00 00 5c 00 00 f4  »...(.......................à.......\.. ....@..@¸%. .g..\..ô 60  COM5  

LAB: 90.52 -0.98 0.06 
(T009)

> 213 11/10/2025 22:45:24 IRP_MJ_READ UP STATUS_SUCCESS bb 01 09 00 28 1f 0a 00 00 00 00 00 00 00 00 00 00 00 00 00 ef 00 00 00 01 00 00 00 e0 07 00 00 0e 00 00 00 5c 00 00 20 00 00 00 00 40 10 00 40 b8 25 00 20 1b 67 00 00 5c 00 00 e2  »...(...............ï.......à.......\.. ....@..@¸%. .g..\..â 60  COM5  

LAB: 90.52 -0.98 0.06
(T010)

> 229 11/10/2025 22:46:05 IRP_MJ_READ UP STATUS_SUCCESS bb 01 09 00 28 1f 0a 00 00 00 00 00 00 00 00 00 00 00 00 00 ef 00 00 00 01 00 00 00 e0 07 00 00 0e 00 00 00 5c 00 00 20 00 00 00 00 40 10 00 40 b8 25 00 20 1b 67 00 00 5c 00 00 e2  »...(...............ï.......à.......\.. ....@..@¸%. .g..\..â 60  COM5  

LAB: 90.52 -0.98 0.06
(T001)

> 245 11/10/2025 22:47:08 IRP_MJ_READ UP STATUS_SUCCESS bb 01 09 00 28 1f 0a 00 00 00 00 00 00 00 00 00 00 00 00 00 00 00 00 01 01 00 00 00 e0 07 00 00 0e 00 00 00 5c 00 00 20 00 00 00 00 40 10 00 40 b8 25 00 20 1b 67 00 00 5c 00 00 f4  »...(.......................à.......\.. ....@..@¸%. .g..\..ô 60  COM5  




calibration disk white (LAB: 90.52 -0.97 0.06)
green mat (LAB: 38.23 -19.92 -5.92)
white paper (LAB: 92.23 -1.01 -3.82)
black sd card (LAB: 26.02 0.32 2.27)
white sd card (LAB: 94.42 -2.42 2.59)
gray sd card (LAB: 53.09 -0.03 0.50)
bright orange (LAB: 70.06 32.62 84.58)
light yellow (LAB: 78.06 8.42 58.96)
dark red (pushed the button LAB: 37.78 33.92 16.47)
light gray (pushed the button LAB: 69.90 -0.93 2.71)
shiny titanium (pushed the button - LAB: 13.73, -5.02, -5.78)
light blue(pushed buton LAB: 72.59, -5.35, -8.90)
Deep blue(button LAB: 34.04, -7.09, -29.15)
Dark mystery blue (button LAB: 19.30 -1.01 -2.67)
oled off(bytton, LAB: 6.63 -1 -1.37)
oled on - dark blue image(button, LAB: 6.08 0.03 -1)
greenish(button LAB: 64.88 -13.24 26.49)
teal(button LAB 50.34 -38.91 -7.83)
